0 0.3685304928764991 0.07486349267171186 0.4307284971742593 0.07486349267171186 0.4307284971742593 0.11892901618929017 0.3685304928764991 0.11892901618929017
0 0.4946338976684285 0.07390554650828624 0.5609784355860393 0.07390554650828624 0.5609784355860393 0.11969537312003066 0.4946338976684285 0.11969537312003066
0 0.622444698656767 0.073522368042916 0.6983018725257999 0.073522368042916 0.6983018725257999 0.12046173005077115 0.622444698656767 0.12046173005077115
0 0.7544020332649561 0.07428872497365649 0.8326983445574307 0.07428872497365649 0.8326983445574307 0.11969537312003066 0.7544020332649561 0.11969537312003066
0 0.620737302460358 0.17238241210843952 0.6941553389059493 0.17238241210843952 0.6941553389059493 0.22928441421592108 0.620737302460358 0.22928441421592108
0 0.622444698656767 0.2785228470159977 0.6956188213600142 0.2785228470159977 0.6956188213600142 0.34941086310949326 0.622444698656767 0.34941086310949326
0 0.757085084430742 0.28158827473895964 0.8275761559682034 0.28158827473895964 0.8275761559682034 0.3492192738768081 0.757085084430742 0.3492192738768081
0 0.4919508465026428 0.27928920394673823 0.5587832119049418 0.27928920394673823 0.5587832119049418 0.3507519877382891 0.4919508465026428 0.3507519877382891
0 0.6058585641773643 0.3971165820480889 0.7112293008700403 0.3971165820480889 0.7112293008700403 0.4111025960341029 0.6058585641773643 0.4111025960341029
0 0.7395232949819627 0.397308171280774 0.8373327056619696 0.397308171280774 0.8373327056619696 0.4208736469010442 0.7395232949819627 0.4208736469010442
0 0.4831699517782531 0.3996072420729955 0.5792719662618512 0.3996072420729955 0.5792719662618512 0.41838298687613756 0.4831699517782531 0.41838298687613756
0 0.6187859925216046 0.4588083149726985 0.6758618082301375 0.4588083149726985 0.6758618082301375 0.5806590669604368 0.6187859925216046 0.5806590669604368
0 0.6173225100675397 0.5875562793371012 0.6561047951002608 0.5875562793371012 0.6561047951002608 0.6325797490181051 0.6173225100675397 0.6325797490181051
0 0.7275715216070988 0.4574671903439027 0.7441576560865015 0.4574671903439027 0.7441576560865015 0.5275888495066577 0.7275715216070988 0.5275888495066577
0 0.7375719850432092 0.6714723632531852 0.8392840156007229 0.6714723632531852 0.8392840156007229 0.6982948558291023 0.7375719850432092 0.6982948558291023
0 0.6080537878584616 0.6785611648625347 0.7083023359619104 0.6785611648625347 0.7083023359619104 0.6927387680812338 0.6080537878584616 0.6927387680812338
0 0.4873164853981038 0.6737714340454065 0.5792719662618512 0.6737714340454065 0.5792719662618512 0.6900565188236422 0.4873164853981038 0.6900565188236422
0 0.6241520948531761 0.7389117731583484 0.6936675114212609 0.7389117731583484 0.6936675114212609 0.8011782737810135 0.6241520948531761 0.8011782737810135
0 0.7539142057802678 0.7408276654851996 0.822453967378976 0.7408276654851996 0.822453967378976 0.801944630711754 0.7539142057802678 0.801944630711754
0 0.6234203536261437 0.8475428680908133 0.6873257541203128 0.8475428680908133 0.6873257541203128 0.9029121563368138 0.6234203536261437 0.9029121563368138
0 0.4990243450306234 0.8494587604176644 0.563661486751825 0.8494587604176644 0.563661486751825 0.9019542101733882 0.4990243450306234 0.9019542101733882
0 0.49731694883421423 0.736612702366127 0.5661006241752666 0.736612702366127 0.5661006241752666 0.805010058434716 0.49731694883421423 0.805010058434716
0 0.3770674738585446 0.7389117731583484 0.44121678809505804 0.7389117731583484 0.44121678809505804 0.8027109876424945 0.3770674738585446 0.8027109876424945
0 0.24511013925035544 0.7396781300890889 0.3160890382725053 0.7396781300890889 0.3160890382725053 0.801944630711754 0.24511013925035544 0.801944630711754
0 0.25023232783958277 0.8488839927196091 0.3199916581500118 0.8488839927196091 0.3199916581500118 0.901571031708018 0.25023232783958277 0.901571031708018
0 0.377555301343233 0.8483092250215537 0.4460950629419411 0.8483092250215537 0.4460950629419411 0.8992719609157965 0.377555301343233 0.8992719609157965
0 0.2316948834214268 0.6730050771146661 0.32584558796627155 0.6730050771146661 0.32584558796627155 0.6908228757543826 0.2316948834214268 0.6908228757543826
0 0.35731046072866784 0.6720471309512405 0.45170507901585677 0.6720471309512405 0.45170507901585677 0.6933135357792892 0.35731046072866784 0.6933135357792892
0 0.3577982882133562 0.5998179902289491 0.4048736404857786 0.5998179902289491 0.4048736404857786 0.6440751029792126 0.3577982882133562 0.6440751029792126
0 0.35731046072866784 0.5262477248778619 0.4043858130010903 0.5262477248778619 0.4043858130010903 0.5720375514896062 0.35731046072866784 0.5720375514896062
0 0.35731046072866784 0.45152792413066384 0.40414189925874616 0.45152792413066384 0.40414189925874616 0.5036401954210173 0.35731046072866784 0.5036401954210173
0 0.354383495820538 0.40075677746910626 0.4512172515311685 0.40075677746910626 0.4512172515311685 0.4185745761088227 0.354383495820538 0.4185745761088227
0 0.36682309668009 0.2798639716447936 0.43585068576348657 0.2798639716447936 0.43585068576348657 0.35592489702078745 0.36682309668009 0.35592489702078745
0 0.23413402084486837 0.2810135070409043 0.30511291986701816 0.2810135070409043 0.30511291986701816 0.3513267554363445 0.23413402084486837 0.3513267554363445
0 0.10168885875199088 0.2833125778331258 0.17461906771289393 0.2833125778331258 0.17461906771289393 0.3471117923172718 0.10168885875199088 0.3471117923172718
0 0.23901229569175153 0.1721908228757544 0.30413726489764153 0.1721908228757544 0.30413726489764153 0.23062553884471695 0.23901229569175153 0.23062553884471695
0 0.36633526919540166 0.1664431458952007 0.4338993758247333 0.1664431458952007 0.4338993758247333 0.23254143117156817 0.36633526919540166 0.23254143117156817
0 0.4946338976684285 0.16835903822205192 0.5607345218436952 0.16835903822205192 0.5607345218436952 0.23100871731008718 0.4946338976684285 0.23100871731008718
0 0.1090062710223156 0.4593830826707539 0.18730258231479013 0.4593830826707539 0.18730258231479013 0.5507711466615577 0.1090062710223156 0.5507711466615577
0 0.11144540844575716 0.6017338825558003 0.18632692734541353 0.6017338825558003 0.18632692734541353 0.6390937829293993 0.11144540844575716 0.6390937829293993
0 0.11973847568545852 0.7358463454353865 0.18779040979947845 0.7358463454353865 0.18779040979947845 0.8052016476674011 0.11973847568545852 0.8052016476674011
0 0.8928598046142519 0.1708816297857394 0.9459245943375696 0.1708816297857394 0.9459245943375696 0.2336377473363775 0.8928598046142519 0.2336377473363775
0 0.8913692206332597 0.28304648167661867 0.9441358935603791 0.28304648167661867 0.9441358935603791 0.3511883854349608 0.8913692206332597 0.3511883854349608
0 0.8779539648043311 0.3982554735979394 0.9554643318159188 0.3982554735979394 0.9554643318159188 0.41043203371970494 0.8779539648043311 0.41043203371970494
0 0.8839163007282993 0.6331225851773797 0.9357886232668234 0.6331225851773797 0.9357886232668234 0.6424891698864302 0.8839163007282993 0.6424891698864302
0 0.8681161105297834 0.6682472778363189 0.9486076455033553 0.6682472778363189 0.9486076455033553 0.6993911719939118 0.8681161105297834 0.6993911719939118
